"","Group.1","K1","K2","K3","K4","K5","K6","K7","K8","x"
"1","Algeria_1",0.989155222222222,1e-05,1e-05,0.0107847777777778,1e-05,1e-05,1e-05,1e-05,9
"2","Algeria_2",1e-05,0.028412,1e-05,1e-05,1e-05,1e-05,0.971528,1e-05,1
"3","Algeria_3",0.4555067,1e-05,1e-05,0.0029858,0.0004483,1e-05,1e-05,0.5410191,10
"4","Algeria_4",0.122267153846154,1e-05,0.002303,0.834084769230769,0.00477084615384615,0.0228388461538462,0.00836546153846154,0.00535984615384615,13
"5","Algeria_5",1.05e-05,1.08e-05,0.0016044,0.9477321,0.0506113,1.06e-05,1.01e-05,1e-05,10
"6","Algeria_6",0.619113,1e-05,1e-05,0.380827,1e-05,1e-05,1e-05,1e-05,1
"7","Algeria_7",1e-05,1e-05,0.99993,1e-05,1e-05,1e-05,1e-05,1e-05,1
"8","Algeria_8",0.298742,1e-05,1e-05,1e-05,1e-05,1e-05,1e-05,0.701198,3
"9","Cyprus_0",1e-05,1e-05,0.0426784,0.0414851,0.0158586,1e-05,0.899938,1e-05,10
"10","France,Corsica_1",0.084341,0.1514,1e-05,1e-05,1e-05,0.764209,1e-05,1e-05,1
"11","France,Corsica_2",1e-05,1e-05,0.095768,0.833669,0.070513,1e-05,1e-05,1e-05,1
"12","France,Corsica_3",0.100408,0.041078,1e-05,1e-05,1e-05,0.858464,1e-05,1e-05,1
"13","France,Corsica_4",0.023015,1e-05,1e-05,1e-05,1e-05,0.813702,0.163233,1e-05,1
"14","France,Corsica_5",0.056047,0.049812,0.013714,0.068109,1e-05,0.743815,0.068483,1e-05,1
"15","France,Corsica_6",1e-05,1e-05,1e-05,0.00295925,1e-05,0.99698075,1e-05,1e-05,8
"16","France,Corsica_7",1e-05,0.046285,1e-05,0.010159,1e-05,0.8933,0.050216,1e-05,1
"17","France_1",1e-05,1e-05,1e-05,1e-05,1e-05,0.99993,1e-05,1e-05,7
"18","France_2",1e-05,1e-05,1e-05,1e-05,1e-05,0.893569,1e-05,0.106371,1
"19","France_3",1e-05,0.094617,1e-05,1e-05,1e-05,0.706953,0.065884,0.132506,1
"20","France_4",1e-05,1e-05,1e-05,0.211758,1e-05,0.578975,0.209218,1e-05,1
"21","France_5",0.498772,1e-05,1e-05,1e-05,1e-05,0.419001,0.082178,1e-05,1
"22","France_6",0.099963,0.487051,1e-05,1.3e-05,1.1e-05,0.021512,1e-05,0.39143,2
"23","France_7",1e-05,1e-05,0.005154,0.005601,0.106365,0.381932,0.500919,1e-05,1
"24","France_8",1e-05,1e-05,0.282491,0.182254,0.10847,0.193635,0.23312,1e-05,1
"25","France_9",1e-05,1e-05,1e-05,1e-05,1e-05,0.7069,0.29304,1e-05,1
"26","Germany_0",1e-05,0.354338,1e-05,1e-05,1e-05,1e-05,1e-05,0.645602,1
"27","Greece,Crete_0",0.022858,1e-05,1e-05,1e-05,0.031164,0.065745,0.8801925,1e-05,2
"28","Greece_1",1e-05,1e-05,1e-05,1e-05,1e-05,1e-05,1e-05,0.99993,1
"29","Greece_2",0.010462,1e-05,1e-05,1e-05,0.07519,1e-05,0.914299,1e-05,1
"30","Greece_3",1e-05,1e-05,1e-05,0.033506,0.079094,1e-05,0.88735,1e-05,1
"31","Greece_4",0.00117581818181818,1e-05,1e-05,1e-05,0.00109109090909091,1e-05,0.997683090909091,1e-05,11
"32","Greece_5",1e-05,1e-05,1e-05,1e-05,0.034482,0.037071,0.928397,1e-05,1
"33","Greece_6",0.147112,1e-05,1e-05,1e-05,1e-05,1e-05,0.852828,1e-05,1
"34","Israel_1",1e-05,1e-05,1e-05,0.037395,0.314659,1e-05,0.647896,1e-05,1
"35","Israel_2",1e-05,1e-05,1e-05,1e-05,0.280736,1e-05,0.719204,1e-05,1
"36","Israel_3",1e-05,1e-05,1e-05,1e-05,0.4486745,1e-05,0.5512655,1e-05,2
"37","Italy,Sardinia_0",0.030478,0.038132,1e-05,0.401731,1e-05,0.454085,0.075543,1e-05,1
"38","Italy_1",1e-05,1e-05,0.0727455,1e-05,0.042606,0.170161,0.714448,1e-05,2
"39","Italy_2",1e-05,1e-05,1e-05,1e-05,0.050044,0.156254,0.793652,1e-05,1
"40","Italy_3",1e-05,1e-05,1e-05,1e-05,0.053694,1e-05,0.946246,1e-05,1
"41","Italy_4",1e-05,1e-05,1e-05,1e-05,1e-05,1e-05,0.99993,1e-05,2
"42","Italy_5",1e-05,0.185279,1e-05,0.179686,1e-05,0.625437,0.009558,1e-05,1
"43","Italy_6",1e-05,1e-05,0.078128,0.059217,0.113262,0.129025,0.620338,1e-05,1
"44","Italy_7",1e-05,1e-05,0.029236,0.289433,0.026048,0.323468,0.331784,1e-05,1
"45","Italy_8",1e-05,1e-05,1e-05,0.000209,1e-05,0.634864,0.364878,1e-05,1
"46","Italy_9",0.002572,0.242293,0.03527,0.309175,1e-05,0.407776,0.002894,1e-05,1
"47","Jordan_0",1e-05,1e-05,1e-05,1e-05,0.4573965,1e-05,0.5425435,1e-05,2
"48","Lebanon_0",1e-05,1e-05,1e-05,1e-05,1e-05,1e-05,0.99993,1e-05,1
"49","Libya_1",1e-05,1e-05,0.034838,1e-05,1e-05,1e-05,0.965102,1e-05,2
"50","Libya_2",1e-05,0.166677,0.008195,0.065907,0.496652,1e-05,0.262539,1e-05,1
"51","Libya_3",1e-05,0.022298,1e-05,0.048037,0.490173,1e-05,0.439452,1e-05,1
"52","Libya_4",1e-05,1e-05,1e-05,1e-05,0.857286,1e-05,0.142654,1e-05,1
"53","Malta_0",1e-05,1e-05,0.037647,0.020845,1e-05,0.22666,0.714807,1e-05,1
"54","Morocco_1",0.385738,0.086279,1e-05,1e-05,1e-05,1e-05,1e-05,0.527933,1
"55","Morocco_2",0.99993,1e-05,1e-05,1e-05,1e-05,1e-05,1e-05,1e-05,1
"56","Morocco_3",1e-05,0.99993,1e-05,1e-05,1e-05,1e-05,1e-05,1e-05,1
"57","Morocco_4",0.0383975,0.4867555,1e-05,0.128278,0.0043085,1e-05,0.041537,0.300703,2
"58","Morocco_5",0.097979,0.562182,1e-05,0.088802,0.030727,1e-05,0.047875,0.172415,1
"59","Morocco_6",1e-05,1e-05,0.033584,1e-05,1e-05,1e-05,1e-05,0.966356,1
"60","Morocco_7",1e-05,1e-05,1e-05,1.01666666666667e-05,1e-05,1e-05,1e-05,0.999929833333333,12
"61","Morocco_8",1e-05,1e-05,1e-05,1e-05,1e-05,1e-05,0.99993,1e-05,1
"62","Morocco_9",1e-05,1e-05,1e-05,1e-05,1e-05,1e-05,0.465269,0.534671,1
"63","Portugal_1",1e-05,1e-05,1e-05,1e-05,1e-05,1e-05,1e-05,0.99993,1
"64","Portugal_2",1e-05,0.9849,1e-05,1e-05,1e-05,1e-05,1e-05,0.01504,2
"65","Portugal_3",1e-05,0.149468,0.063758,0.04207,0.077543,0.216459,0.397195,0.053496,1
"66","Portugal_4",1e-05,0.549468,1e-05,1e-05,0.001023,1e-05,0.324184,0.125286,1
"67","Portugal_5",1e-05,0.197673,1e-05,1e-05,1e-05,0.127079,0.451788,0.22342,1
"68","Portugal_6",1e-05,0.403552,0.031308,1e-05,1e-05,0.229275,0.335826,1e-05,1
"69","Portugal_7",1e-05,0.488756666666667,1e-05,1e-05,1e-05,1e-05,0.00553866666666667,0.505654666666667,3
"70","Portugal_8",1e-05,0.702211,1e-05,1e-05,1e-05,1e-05,1e-05,0.297729,2
"71","Spain_1",1e-05,0.836055,1e-05,0.125222,1e-05,0.038673,1e-05,1e-05,1
"72","Spain_2",1e-05,0.407577,0.051424,1e-05,0.02802,0.170666,0.342284,1e-05,1
"73","Spain_3",1e-05,0.152883,1e-05,1e-05,1e-05,0.012586,1e-05,0.834481,1
"74","Spain_4",0.005323,0.8125505,1e-05,1e-05,1e-05,1e-05,1e-05,0.1820765,2
"75","Spain_5",1e-05,0.0684805,1e-05,1e-05,1e-05,1e-05,1e-05,0.9314595,2
"76","Spain_6",1e-05,0.996521,1e-05,1e-05,1e-05,1e-05,1e-05,0.003419,7
"77","Spain_7",1e-05,0.4262955,1e-05,1e-05,1e-05,1e-05,1e-05,0.5736445,2
"78","Spain_8",1.05833333333333e-05,1.00833333333333e-05,1e-05,1e-05,1e-05,1e-05,1e-05,0.999929333333333,12
"79","Syria_1",1e-05,1.1e-05,1e-05,1e-05,1e-05,1e-05,0.999929,1e-05,2
"80","Syria_2",1e-05,1e-05,1e-05,1e-05,0.076295,1e-05,0.923645,1e-05,1
"81","Tunisia_1",1e-05,0.254006,0.745934,1e-05,1e-05,1e-05,1e-05,1e-05,1
"82","Tunisia_2",1e-05,1e-05,0.157681666666667,0.0433736666666667,0.778521,1e-05,0.0203836666666667,1e-05,3
"83","Tunisia_3",1e-05,1e-05,1e-05,1e-05,0.99993,1e-05,1e-05,1e-05,9
"84","Tunisia_4",1e-05,1e-05,0.0519376666666667,0.924626333333333,0.0178278333333333,1e-05,0.005568,1e-05,6
"85","Tunisia_5",1e-05,1e-05,0.622929,0.206443,0.08101,1e-05,0.089578,1e-05,1
"86","Tunisia_6",1e-05,1e-05,1e-05,0.026715,0.340984,1e-05,0.632252,1e-05,1
"87","Tunisia_7",1e-05,1e-05,0.001362,0.9965241,0.0020637,1e-05,1.02e-05,1e-05,20
"88","Tunisia_8",1e-05,1e-05,0.0992993333333333,0.796824333333333,0.103826666666667,1e-05,1e-05,1e-05,3
"89","Tunisia_9",1e-05,1e-05,0.99993,1e-05,1e-05,1e-05,1e-05,1e-05,11
"90","Turkey_0",1e-05,1e-05,0.051407,1e-05,0.505953,0.0359835,0.406617,1e-05,2
"91","Unknown-Cultivar_1",1e-05,1e-05,1e-05,0.019773,0.32636,1e-05,0.653817,1e-05,1
"92","Unknown-Cultivar_2",1e-05,0.0178255,1e-05,0.0311065,1e-05,1e-05,0.951018,1e-05,2
"93","Unknown-Cultivar_3",1e-05,1e-05,0.098301,0.897759,0.003891,1e-05,1e-05,1e-05,1
"94","Unknown-Reference_0",1e-05,0.99993,1e-05,1e-05,1e-05,1e-05,1e-05,1e-05,1
"95","unknown_1",0.021425,1e-05,1e-05,0.102996,1e-05,0.00960566666666667,0.861724,0.00421933333333333,3
"96","unknown_2",1e-05,0.99993,1e-05,1e-05,1e-05,1e-05,1e-05,1e-05,1
